"F" <- 0.463544880092846
"Gf" <- 0.633140245207832
"Ss" <- 0.950103964922314
"Sa" <- 1
"beta" <- c(0.000604838086292148, 0.00685920832678676, 0.00534023801330477, 0.00360805813921616, 0.00545376620721072)
"sd.delta" <- c(7.85736730718054, 7.73322422383353, 7.8286367317196)
"Tau" <- structure(c(0.1, 0, 0, 0, 0.1, 0, 0, 0, 0.1), .Dim = c(3, 3))

".RNG.name" <- "base::Super-Duper"

