"F" <- 0.44427221435997
"Gf" <- 0.464031878314572
"Ss" <- 0.869418570420504
"Sa" <- 1
"beta" <- c(0.00279214021051303, 0.00168652340536937, 0.00368884365539998, 0.00402359039755538, 0.00444224370177835)
"sd.delta" <- c(5.2849582657218, 7.03173869405873, 7.19538472034037)
"Tau" <- structure(c(0.1, 0, 0, 0, 0.1, 0, 0, 0, 0.1), .Dim = c(3, 3))

".RNG.name" <- "base::Marsaglia-Multicarry"

