"F" <- 0.493453996397238
"Gf" <- 0.714228482828232
"Ss" <- 0.915187827653905
"Sa" <- 1
"beta" <- c(0.00850884291576222, 0.00967456712620333, 0.00954420653637499, 6.60915253683925e-05, 0.000690375831909478)
"sd.delta" <- c(7.69989916612394, 5.03840358788148, 6.54678615182638)
"Tau" <- structure(c(0.1, 0, 0, 0, 0.1, 0, 0, 0, 0.1), .Dim = c(3, 3))

".RNG.name" <- "base::Wichmann-Hill"

