`.RNG.name` <- "base::Wichmann-Hill"
`.RNG.state` <- 
c(3284L,16853L,3798L)
`F` <- 
0.600947
`Gf` <- 
0.816416
`Lef_F_DI` <- 
0.600947
`Lef_Gf_DI` <- 
0.816416
`Lef_Sa_DI` <- 
0.997189
`Lef_Ss_DI` <- 
0.80592
`Prior_Prob_DensDep` <- 
0.139361
`Prob_DensDep` <- 
c(0,0,0,0,0)
`Sa` <- 
0.997189
`Ss` <- 
0.80592
`Tau` <- 
structure(c(0.649598,2.37801,-0.539101,2.37801,113.315,-1.63601,-0.539101,-1.63601,0.449616), .Dim = c(3L,3L))
`beta` <- 
c(0.00034055,0.00233301,0.0207457,0.00105002,1.60941e-05)
`n` <- 
structure(c(181,218.381,282.131,268.226,268.493,281.925,285.397,287.361,268.109,67,61.8695,70.7139,77.7816,73.0296,71.7843,75.2119,74.948,74.7353,434,446.363,526.386,552.833,568.985,586.455,603.674,616.69,599.49), .Dim = c(9L,3L))
`sd.delta` <- 
c(0.784794,8.66771,9.05928)
`w` <- 
structure(c(NA,218.373,282.212,268.239,268.46,282.003,285.446,287.354,268.115,NA,60.5977,69.0018,78.2945,73.8572,73.0117,74.896,74.4664,74.1726,NA,445.661,525.73,553.137,569.542,587.073,603.64,616.619,599.577), .Dim = c(9L,3L))
`y_ppc` <- 
structure(c(183,235,256,258,288,278,283,289,253,94,77,70,91,89,80,71,93,80,439,436,516,562,542,553,595,618,571), .Dim = c(9L,3L))
