`.RNG.name` <- "base::Marsaglia-Multicarry"
`.RNG.state` <- 
c(652289882L,335861189L)
`F` <- 
0.458942
`Gf` <- 
0.547094
`Lef_F_DI` <- 
0.458942
`Lef_Gf_DI` <- 
0.547094
`Lef_Sa_DI` <- 
0.983847
`Lef_Ss_DI` <- 
0.896068
`Prior_Prob_DensDep` <- 
0.131925
`Prob_DensDep` <- 
c(0,0,0,0,0)
`Sa` <- 
0.983847
`Ss` <- 
0.896068
`Tau` <- 
structure(c(0.380147,5.36733,-0.385888,5.36733,189.799,-5.57901,-0.385888,-5.57901,0.392602), .Dim = c(3L,3L))
`beta` <- 
c(0.000142046,0.00110121,0.014648,0.00187651,2.38248e-05)
`n` <- 
structure(c(192,216.674,280.825,264.259,239.331,269.977,281.654,289.256,260.067,47,65.5417,71.3946,83.0498,77.5253,72.4401,77.7389,79.375,79.7654,402,435.952,526.134,557.438,551.408,580.05,606.376,632.18,618.12), .Dim = c(9L,3L))
`sd.delta` <- 
c(7.48819,1.62485,7.83971)
`w` <- 
structure(c(NA,215.989,281.842,264.604,238.532,269.793,282.461,289.313,259.238,NA,65.5857,71.4203,82.7612,77.7137,72.1369,77.7473,79.3563,79.9968,NA,436.411,526.593,557.838,551.239,580.354,606.488,632.736,618.175), .Dim = c(9L,3L))
`y_ppc` <- 
structure(c(192,222,289,282,262,294,257,289,238,54,71,65,73,88,77,69,81,76,380,404,510,515,548,609,593,630,592), .Dim = c(9L,3L))
