`.RNG.name` <- "base::Super-Duper"
`.RNG.state` <- 
c(237022312L,1061701583L)
`F` <- 
0.570936
`Gf` <- 
0.652232
`Lef_F_DI` <- 
0.570936
`Lef_Gf_DI` <- 
0.652232
`Lef_Sa_DI` <- 
0.985013
`Lef_Ss_DI` <- 
0.822645
`Prior_Prob_DensDep` <- 
0.210716
`Prob_DensDep` <- 
c(0,0,0,0,0)
`Sa` <- 
0.985013
`Ss` <- 
0.822645
`Tau` <- 
structure(c(170.828,13.9361,1.82458,13.9361,2.50746,0.308856,1.82458,0.308856,0.0387468), .Dim = c(3L,3L))
`beta` <- 
c(0.000190194,0.00193059,0.00337964,0.0109263,3.75156e-06)
`n` <- 
structure(c(229,205.49,249.766,278.413,270.951,266.199,279.663,305.459,300.543,72,68.7226,61.0499,73.9315,81.1385,77.5552,69.4434,75.6427,74.4792,409,502.446,568.514,555.962,546.617,575.499,635.219,627.4,663.377), .Dim = c(9L,3L))
`sd.delta` <- 
c(3.95038,1.91121,5.1771)
`w` <- 
structure(c(NA,205.635,249.739,277.987,270.768,266.459,279.586,305.633,300.45,NA,68.4161,60.9737,73.8004,80.911,77.7782,69.5539,75.6137,74.6439,NA,501.75,568.904,555.925,546.9,575.492,635.28,627.581,663.275), .Dim = c(9L,3L))
`y_ppc` <- 
structure(c(247,192,241,303,300,243,284,314,307,71,66,49,57,94,79,70,81,62,412,492,563,548,516,628,632,623,657), .Dim = c(9L,3L))
