"F" <- 0.590361642635284
"Gf" <- 0.826465811528794
"Ss" <- 0.929815476161979
"Sa" <- 0.912715349058347
"beta" <- c(0.00268376554828137, 0.00197582489345223, 0.000340310949832201, 0.00185133578954265, 0.00288820089306682)
"sd.delta" <- c(5.38160513807088, 5.07747557666153, 5.04914496745914)
"Tau" <- structure(c(0.1, 0, 0, 0, 0.1, 0, 0, 0, 0.1), .Dim = c(3, 3))

".RNG.name" <- "base::Wichmann-Hill"

