"F" <- 0.552181951798735
"Gf" <- 0.78209078980363
"Ss" <- 0.952592554401205
"Sa" <- 0.916434276281288
"beta" <- c(0.00166030305204913, 0.00755676726112142, 0.000206250555347651, 0.00577893033856526, 0.00827701821690425)
"sd.delta" <- c(7.86586711439304, 6.10351770604029, 6.14605452842079)
"Tau" <- structure(c(0.1, 0, 0, 0, 0.1, 0, 0, 0, 0.1), .Dim = c(3, 3))

".RNG.name" <- "base::Marsaglia-Multicarry"

