"F" <- 0.574511728175586
"Gf" <- 0.636271315841698
"Ss" <- 0.899038211056023
"Sa" <- 0.928426754065324
"beta" <- c(0.00349653136450797, 1.98607123456895e-05, 0.00243968312162906, 0.00777283111121506, 0.0013439484545961)
"sd.delta" <- c(6.38564996002242, 7.46724441973493, 6.3942232534755)
"Tau" <- structure(c(0.1, 0, 0, 0, 0.1, 0, 0, 0, 0.1), .Dim = c(3, 3))

".RNG.name" <- "base::Super-Duper"

