`.RNG.name` <- "base::Wichmann-Hill"
`.RNG.state` <- 
c(20818L,4066L,10322L)
`F` <- 
0.615484
`Gf` <- 
0.454832
`Lef_F_DI` <- 
0.615484
`Lef_Gf_DI` <- 
0.454832
`Lef_Sa_DI` <- 
0.982103
`Lef_Ss_DI` <- 
0.602721
`Prior_Prob_DensDep` <- 
0.151194
`Prob_DensDep` <- 
c(0,0,0,0,0)
`Sa` <- 
0.982103
`Ss` <- 
0.602721
`Tau` <- 
structure(c(21.4653,0.766671,-1.64711,0.766671,0.658269,0.401296,-1.64711,0.401296,0.471236), .Dim = c(3L,3L))
`beta` <- 
c(0.000153223,0.000468252,0.0092561,0.00354981,8.86021e-06)
`n` <- 
structure(c(75,55.9986,69.4338,76.0998,83.4989,89.1903,95.4763,89.8312,89.3368,100.259,103.923,111.199,116.625,130.51,130.985,147.58,157.014,161.248,165.584,165.223,166.344,173.627,173.412,74,38.304,28.2033,25.4355,30.9635,29.478,47.271,52.8763,37.6871,39.4999,33.4159,45.7902,32.8019,49.8841,36.547,40.7959,55.5445,59.0594,64.8827,69.8067,60.3047,71.6418,61.5814,93,116.801,125.813,139.884,147.468,164.134,154.174,151.313,167.691,173.167,190.36,194.33,224.073,222.478,251.867,272.414,280.1,290.702,290.455,291.029,306.265,302.385,316.747), .Dim = c(23L,3L))
`sd.delta` <- 
c(3.8737,7.64601,0.0664726)
`w` <- 
structure(c(NA,55.9829,69.8501,76.1568,83.3279,88.35,95.7933,89.7139,89.9926,99.0932,103.319,111.22,116.334,130.185,131.511,147.587,157.383,161.372,165.784,165.452,167.063,173.763,173.092,NA,38.777,28.6975,25.906,29.5781,27.9985,47.7729,51.494,38.2799,38.6527,34.0059,45.3695,32.9121,50.4627,37.4216,40.3175,53.8032,59.7196,65.5861,68.8544,59.1443,71.6383,61.2377,NA,116.794,125.818,139.888,147.464,164.128,154.173,151.31,167.698,173.162,190.366,194.325,224.069,222.479,251.868,272.413,280.098,290.703,290.454,291.028,306.271,302.382,316.747), .Dim = c(23L,3L))
`y` <- 
structure(c(NA,NA,NA,NA,NA,NA,NA,NA,NA,NA,NA,NA,NA,NA,NA,NA,NA,NA,NA,NA,NA,NA,NA,NA,102,111,111,108,NA,99,94,NA,86,NA,80,NA,74,72,NA,NA,NA,NA,NA,NA,NA,NA,NA,59,39,30,25,NA,20,19,NA,17,NA,17,NA,16,16,NA,NA,NA,NA,NA,NA,NA,NA), .Dim = c(23L,3L))
`y_ppc` <- 
structure(c(79,50,68,64,84,80,85,82,93,117,97,115,115,122,137,175,145,167,160,146,172,176,164,87,45,23,21,30,27,49,65,44,41,42,39,33,43,34,30,54,56,43,87,48,59,56,105,109,120,118,133,146,169,173,155,158,190,204,237,232,263,259,278,305,281,275,313,320,290), .Dim = c(23L,3L))
