`.RNG.name` <- "base::Marsaglia-Multicarry"
`.RNG.state` <- 
c(1097836687L,936558482L)
`F` <- 
0.601328
`Gf` <- 
0.374133
`Lef_F_DI` <- 
0.601328
`Lef_Gf_DI` <- 
0.374133
`Lef_Sa_DI` <- 
0.962653
`Lef_Ss_DI` <- 
0.625538
`Prior_Prob_DensDep` <- 
0.474454
`Prob_DensDep` <- 
c(0,0,0,0,0)
`Sa` <- 
0.962653
`Ss` <- 
0.625538
`Tau` <- 
structure(c(0.462106,0.239418,0.00371007,0.239418,1.38289,0.933692,0.00371007,0.933692,0.696989), .Dim = c(3L,3L))
`beta` <- 
c(0.000143135,8.26852e-05,0.0155091,9.92119e-05,9.98889e-06)
`n` <- 
structure(c(77,64.1494,69.7754,70.6015,71.9859,78.9716,85.3989,84.353,89.2823,91.8346,103.056,113.841,123.338,130.856,131.456,142.652,157.423,153.217,151.353,154.94,165.283,177.443,186.119,74,33.9329,37.5434,33.501,37.7592,26.8181,35.3017,35.8359,33.1613,41.2856,22.0164,38.7092,30.2463,41.0552,53.9786,35.1498,51.7811,67.6133,63.937,68.9295,48.3617,61.5651,60.6602,105,133.466,127.418,130.005,125.911,145.075,143.339,151.174,162.573,166.117,196.731,200.976,224.789,236.063,239.218,270.002,275.572,275.383,284.14,283.1,315.002,321.525,338.924), .Dim = c(23L,3L))
`sd.delta` <- 
c(7.24771,8.50209,4.12487)
`w` <- 
structure(c(NA,64.2821,69.9834,70.4428,72.6771,79.5291,85.3436,82.944,89.1834,92.4553,102.338,112.883,123.367,131.167,130.069,142.36,156.372,153.963,151.65,154.435,164.315,177.559,185.68,NA,33.3038,38.365,35.5335,38.499,24.6501,35.9827,36.2114,32.3834,38.6391,22.6858,38.0211,30.833,40.7767,52.9763,36.2631,50.8934,65.3388,64.5831,69.0494,47.5867,61.8358,61.6166,NA,133.804,126.949,129.707,125.782,144.357,143.231,150.507,162.716,165.847,196.769,200.942,224.677,236.051,238.971,270.412,275.764,274.942,284.138,282.793,314.849,321.567,338.576), .Dim = c(23L,3L))
`y` <- 
structure(c(NA,NA,NA,NA,NA,NA,NA,NA,NA,NA,NA,NA,NA,NA,NA,NA,NA,NA,NA,NA,NA,NA,NA,NA,85,93,92,89,NA,81,77,NA,70,NA,64,NA,59,57,NA,NA,NA,NA,NA,NA,NA,NA,NA,32,15,9,7,NA,6,5,NA,5,NA,5,NA,5,5,NA,NA,NA,NA,NA,NA,NA,NA), .Dim = c(23L,3L))
`y_ppc` <- 
structure(c(57,60,83,59,62,65,80,87,98,85,99,117,135,128,136,152,145,137,179,142,168,163,167,64,38,39,39,37,26,30,34,34,41,22,40,26,34,46,34,64,59,53,59,36,51,65,96,130,133,136,131,140,132,157,140,189,200,181,208,231,224,263,272,267,265,281,347,305,323), .Dim = c(23L,3L))
