`.RNG.name` <- "base::Super-Duper"
`.RNG.state` <- 
c(-1824945528L,657185721L)
`F` <- 
0.623614
`Gf` <- 
0.404981
`Lef_F_DI` <- 
0.623614
`Lef_Gf_DI` <- 
0.404981
`Lef_Sa_DI` <- 
0.99404
`Lef_Ss_DI` <- 
0.675121
`Prior_Prob_DensDep` <- 
0.334615
`Prob_DensDep` <- 
c(0,0,1,0,0)
`Sa` <- 
0.99404
`Ss` <- 
0.675121
`Tau` <- 
structure(c(5.75337,-3.8391,-2.44495,-3.8391,3.19394,1.92457,-2.44495,1.92457,1.17947), .Dim = c(3L,3L))
`beta` <- 
c(4.52382e-05,0.000211245,0.200454,0.000535913,6.93447e-05)
`n` <- 
structure(c(71,66.0095,71.8188,75.8843,81.9385,85.6857,88.6321,81.0671,86.5758,92.0324,82.7977,110.669,118.158,128.139,138.854,155.843,168.435,171.969,179.001,179.934,176.535,196.044,195.391,78,34.2275,27.1747,26.4729,30.0553,30.1843,42.7488,36.0464,27.8379,48.7007,15.5571,26.8735,33.0798,38.5344,38.5979,41.8612,55.1049,58.0579,61.5371,75.0606,50.5884,65.5337,69.1517,108,119.307,119.088,130.211,138.512,143.783,131.785,142.045,153.977,128.696,180.582,188.784,207.038,221.521,248.425,276.193,278.627,291.436,298.781,283.851,322.661,318.87,328.118), .Dim = c(23L,3L))
`sd.delta` <- 
c(2.13398,5.99704,5.38271)
`w` <- 
structure(c(NA,65.9117,71.9155,76.3217,82.1593,85.5145,88.5748,81.2719,86.9485,92.1852,82.6721,111.123,118.284,128.465,138.807,155.76,168.503,171.665,178.857,179.803,176.512,195.859,195.326,NA,33.8132,28.1732,27.8166,29.9924,32.0006,44.0587,34.4946,28.3224,47.8972,15.0682,26.6889,35.0953,38.3409,38.2939,41.3616,55.3575,58.3746,61.981,74.731,50.2917,65.9527,69.9238,NA,118.206,118.898,130.573,138.105,143.631,131.738,142.288,154.104,129.546,180.143,188.81,207.567,222.427,248.295,276.369,279.635,291.523,299.041,283.31,322.639,318.941,327.712), .Dim = c(23L,3L))
`y` <- 
structure(c(NA,NA,NA,NA,NA,NA,NA,NA,NA,NA,NA,NA,NA,NA,NA,NA,NA,NA,NA,NA,NA,NA,NA,NA,86,73,64,57,NA,48,44,NA,39,NA,36,NA,33,32,NA,NA,NA,NA,NA,NA,NA,NA,NA,75,58,48,41,NA,32,29,NA,25,NA,22,NA,20,20,NA,NA,NA,NA,NA,NA,NA,NA), .Dim = c(23L,3L))
`y_ppc` <- 
structure(c(63,62,67,86,83,78,85,99,78,83,73,96,109,138,134,143,153,191,150,189,187,207,191,86,29,27,24,25,40,44,39,28,51,12,22,52,32,27,45,63,55,49,62,41,69,74,102,125,129,117,147,124,149,141,131,133,174,174,209,207,216,300,275,304,313,274,349,313,308), .Dim = c(23L,3L))
