"F" <- 0.463187272658839
"Gf" <- 0.513507083949809
"Ss" <- 0.950668363535666
"Sa" <- 0.938493647609466
"beta" <- c(0.00633161976234987, 0.000999512420967221, 0.00417134992079809, 0.00264287060825154, 0.00484172883443534)
"sd.delta" <- c(6.73130884673446, 5.76721647870727, 5.93848176533356)
"Tau" <- structure(c(0.1, 0, 0, 0, 0.1, 0, 0, 0, 0.1), .Dim = c(3, 3))

".RNG.name" <- "base::Super-Duper"

