"F" <- 0.352428278286342
"Gf" <- 0.749203515007977
"Ss" <- 0.962913492723227
"Sa" <- 0.937857575167797
"beta" <- c(0.00491241266950965, 0.00582138868747279, 0.00117937319679186, 0.00894558846252039, 0.00395806340267882)
"sd.delta" <- c(7.26557349576615, 5.99824483832344, 6.74358156230301)
"Tau" <- structure(c(0.1, 0, 0, 0, 0.1, 0, 0, 0, 0.1), .Dim = c(3, 3))

".RNG.name" <- "base::Wichmann-Hill"

