"F" <- 0.267657370468028
"Gf" <- 0.704519744589128
"Ss" <- 0.880730660369862
"Sa" <- 0.88308165054775
"beta" <- c(0.00379339120350778, 0.00603656017454341, 0.00323372703278437, 0.00632061028620228, 0.00907922999002039)
"sd.delta" <- c(5.84140569274314, 5.89226936525665, 7.60529278567992)
"Tau" <- structure(c(0.1, 0, 0, 0, 0.1, 0, 0, 0, 0.1), .Dim = c(3, 3))

".RNG.name" <- "base::Marsaglia-Multicarry"

