`.RNG.name` <- "base::Marsaglia-Multicarry"
`.RNG.state` <- 
c(890606727L,779089462L)
`F` <- 
0.452191
`Gf` <- 
0.782509
`Lef_F_DI` <- 
0.452191
`Lef_Gf_DI` <- 
0.782509
`Lef_Sa_DI` <- 
0.999819
`Lef_Ss_DI` <- 
0.808127
`Prior_Prob_DensDep` <- 
0.41181
`Prob_DensDep` <- 
c(0,0,1,1,0)
`Sa` <- 
0.999819
`Ss` <- 
0.808127
`Tau` <- 
structure(c(200.254,8.5272,-0.639578,8.5272,0.646094,-0.685683,-0.639578,-0.685683,2.94758), .Dim = c(3L,3L))
`beta` <- 
c(0.000180582,0.00200784,0.0571341,0.222559,2.86596e-05)
`n` <- 
structure(c(189,164.482,161.321,159.37,156.775,154.732,150.934,149.353,146.851,145.315,48,63.6672,65.2099,57.1498,56.9635,58.562,58.512,57.0572,56.3177,54.7401,405,397.171,391.176,383.611,377.64,370.799,363.459,357.569,353.508,347.688), .Dim = c(10L,3L))
`sd.delta` <- 
c(5.07027,9.72197,7.1861)
`w` <- 
structure(c(NA,164.17,160.994,159.103,156.705,154.144,151.646,148.925,146.718,145.282,NA,62.7608,64.969,58.9162,57.7207,58.4774,56.6113,56.3409,55.6365,53.8223,NA,397.275,391.515,384.105,377.735,371.056,363.316,357.94,353.699,346.6), .Dim = c(10L,3L))
`y_ppc` <- 
structure(c(192,153,164,163,177,158,149,158,140,158,57,57,72,66,56,60,59,61,44,46,436,368,405,394,395,383,363,361,347,342), .Dim = c(10L,3L))
