`.RNG.name` <- "base::Super-Duper"
`.RNG.state` <- 
c(1781740773L,-98209005L)
`F` <- 
0.439841
`Gf` <- 
0.906995
`Lef_F_DI` <- 
0.439841
`Lef_Gf_DI` <- 
0.906995
`Lef_Sa_DI` <- 
0.988084
`Lef_Ss_DI` <- 
0.742801
`Prior_Prob_DensDep` <- 
0.1236
`Prob_DensDep` <- 
c(0,0,0,0,0)
`Sa` <- 
0.988084
`Ss` <- 
0.742801
`Tau` <- 
structure(c(1.01743,-0.704052,0.359664,-0.704052,1.62908,-2.31565,0.359664,-2.31565,7.31557), .Dim = c(3L,3L))
`beta` <- 
c(0.000177252,0.00262674,0.00674846,0.00491936,2.78012e-05)
`n` <- 
structure(c(167,162.745,158.813,158.64,153.688,149.864,150.77,147.966,143.766,142.239,51,58.1973,65.3145,66.9214,65.468,61.8123,63.3257,61.4893,61.8506,61.6376,413,403.141,395.781,389.006,382.768,376.245,370.438,364.145,358.427,352.95), .Dim = c(10L,3L))
`sd.delta` <- 
c(0.612142,8.2272,2.71033)
`w` <- 
structure(c(NA,162.779,158.744,158.637,153.724,149.839,150.785,147.874,143.759,142.215,NA,60.3961,65.0672,65.8228,65.6938,61.9535,63.7568,62.4484,61.3604,61.2093,NA,403.209,395.65,388.862,382.731,376.039,370.478,364.091,358.493,353.06), .Dim = c(10L,3L))
`y_ppc` <- 
structure(c(188,157,150,163,139,117,167,145,117,141,45,52,69,68,64,54,69,66,67,46,424,436,381,376,392,349,366,414,327,347), .Dim = c(10L,3L))
